5.688510578522221550e+01
5.664399431939379781e+01
5.604083501986792015e+01
5.511719582579812027e+01
5.393026327900940942e+01
5.252948293120115153e+01
5.098305431276386912e+01
4.933649386139586568e+01
4.764045250817468258e+01
4.593068286151397928e+01
4.424242229667395065e+01
4.259831276786835730e+01
4.101110165732318791e+01
3.949403163346639190e+01
3.805324951674173661e+01
3.669202993912485766e+01
3.541162660728114986e+01
3.421144443312676486e+01
3.308931642526556516e+01
3.204189909957295868e+01
3.106520819957957258e+01
3.015954398157456495e+01
2.931807723247785802e+01
2.853677572004467322e+01
2.781469650099703372e+01
2.714695369089663401e+01
2.652949562111617254e+01
2.596264023152359357e+01
2.543792967854557574e+01
2.496272426737411365e+01
2.451888887834856234e+01
2.412262034857830528e+01
2.375628826483213984e+01
2.342691622744844082e+01
2.313950947263253255e+01
2.286693637222849418e+01
2.263875295562893442e+01
2.243805626709906065e+01
2.225612598508621431e+01
2.211781844900848526e+01
2.199628948563994868e+01
2.189658930109293777e+01
2.183988661531980213e+01
2.179414386806165638e+01
2.177169033825615330e+01
2.179193803984210476e+01
2.182049716509845538e+01
2.187399878355322258e+01
2.197028941267456403e+01
2.207250751155525492e+01
2.220426022530602950e+01
2.237920058440568027e+01
2.255571259876489520e+01
2.277116796964142509e+01
2.302327975033405139e+01
2.328443280169004481e+01
2.359145302626080465e+01
2.392005071341690936e+01
2.428155461214786115e+01
2.468166333958106762e+01
2.510495240375534465e+01
2.557597500003769753e+01
2.606878070958313742e+01
2.661250601751126510e+01
2.718265200027721562e+01
2.780279696024960856e+01
2.845778130029928121e+01
2.915926314714475254e+01
2.990580884957738306e+01
3.069389507605691492e+01
3.153126018396550023e+01
3.241699200036326545e+01
3.334551644619947552e+01
3.432262884780865875e+01
3.534741155946563396e+01
3.641841747720349076e+01
3.753364086470437400e+01
3.869052564756628954e+01
3.988599619905355098e+01
4.111650156722080851e+01
4.237806784796713799e+01
4.366635554509075234e+01
4.496326128660386701e+01
4.627428016528148191e+01
4.758581594565120554e+01
4.888591799328846577e+01
5.016621960875701802e+01
5.142130681590506214e+01
5.262338056710400025e+01
5.377421824134562200e+01
5.486032692216151929e+01
5.586893293751841583e+01
5.678825202951686890e+01
5.760766875399205844e+01
5.831785094849308848e+01
5.891081903865933356e+01
5.937998500553966608e+01
5.972017196145328910e+01
5.992762229143737329e+01
6.000000000000000000e+01
