2.808135253290458877e+00
2.763905274445847660e+00
2.719682760678745925e+00
2.675469011478947223e+00
2.631234854877687823e+00
2.587027389297881452e+00
2.542763209327425056e+00
2.498531176448912650e+00
2.454282896972447503e+00
2.410142244162670977e+00
2.365985621733354360e+00
2.321638485390991491e+00
2.277563056257149832e+00
2.233401912566383540e+00
2.189152529763003674e+00
2.144908434505915285e+00
2.100728680489733158e+00
2.056618816585615850e+00
2.012512779466489210e+00
1.968258867911560683e+00
1.923613914457521279e+00
1.879845842761762809e+00
1.835773663763259567e+00
1.790885822002704186e+00
1.747458194749166305e+00
1.702651011973093098e+00
1.659043346926258877e+00
1.614230900202322516e+00
1.570657142490964997e+00
1.525492172990106532e+00
1.482212119007094708e+00
1.437423785073510096e+00
1.393516332159238535e+00
1.349363485507213412e+00
1.304437568088846700e+00
1.260875593641313186e+00
1.216349422376472589e+00
1.171916914158967371e+00
1.127979860390494693e+00
1.083406235465071310e+00
1.039127186598477026e+00
9.949899409096574221e-01
9.505364057368865804e-01
9.062323884873269009e-01
8.619659326860926729e-01
8.176949932067434368e-01
7.733132771625872426e-01
7.289512225463606887e-01
6.848918225639970547e-01
6.403864739947722207e-01
5.959965822159370985e-01
5.522154180807997692e-01
5.074376677198086938e-01
4.631824807911519293e-01
4.194237984546880238e-01
3.745144030583493211e-01
3.306873009147778264e-01
2.862225560883153719e-01
2.418658079444668541e-01
1.981172052199763056e-01
1.533055782288388624e-01
1.099493577507808517e-01
6.486863847061478949e-02
2.153992879087848755e-02
-2.353212307860912123e-02
-6.713577965048320162e-02
-1.118568859159224244e-01
-1.559177553512046399e-01
-1.999139598947573815e-01
-2.444786677892278048e-01
-2.884999323479972011e-01
-3.323738740859483176e-01
-3.769247392390260853e-01
-4.212245941694042206e-01
-4.654116624481350883e-01
-5.095735286647880002e-01
-5.537549204905070077e-01
-5.979667176021780106e-01
-6.421949313312933505e-01
-6.864088889718039654e-01
-7.305682197866497640e-01
-7.746284951049515755e-01
-8.190098137860722938e-01
-8.632135154829652102e-01
-9.074040476777196496e-01
-9.516492165097130140e-01
-9.958762635988086531e-01
-1.040017194079442042e+00
-1.084311282366172469e+00
-1.128548752065885008e+00
-1.172767763557081011e+00
-1.216985712796505359e+00
-1.261208196165560125e+00
-1.305434946122809414e+00
-1.349663562178760268e+00
-1.393891682328312287e+00
-1.438118079119911075e+00
-1.482343031727227256e+00
-1.526568222091650773e+00
-1.570796326794896558e+00
