-5.000000000000000000e+01
-5.580152873440573558e+01
-6.093132160595222047e+01
-6.547710007742298899e+01
-6.950476869426800874e+01
-7.306543503963169428e+01
-7.619972629075667214e+01
-7.894058250352078687e+01
-8.131514034932760637e+01
-8.334604743267045990e+01
-8.505240580293686037e+01
-8.645046581985030798e+01
-8.755414707703434374e+01
-8.837543651911572340e+01
-8.892469744452876057e+01
-8.921091259606474466e+01
-8.924187766884607242e+01
-8.902435695713806751e+01
-8.856420970812865789e+01
-8.786649355568118835e+01
-8.693554985788534850e+01
-8.577507465906730033e+01
-8.438817821011392084e+01
-8.277743542624791928e+01
-8.094492928503649409e+01
-7.889228893754527405e+01
-7.662072420744492263e+01
-7.413105818728061536e+01
-7.142375982513696897e+01
-6.849897876587832002e+01
-6.535658533419629634e+01
-6.199621952841535233e+01
-5.841735440524191603e+01
-5.461938155020497732e+01
-5.060172988908468028e+01
-4.636403462750629956e+01
-4.190638181720265010e+01
-3.722966798725855142e+01
-3.233613699012876452e+01
-2.723019394566533791e+01
-2.191966016712479259e+01
-1.641774382134053312e+01
-1.074619706225420579e+01
-4.940482740855973276e+00
9.415873897595561370e-01
6.805136846611966384e+00
1.249290266187827747e+01
1.774222738957434586e+01
2.211715492389156523e+01
2.492590006490718224e+01
2.521486426509522261e+01
2.210790074571829678e+01
1.566089387235424546e+01
7.177773965042838711e+00
-1.950192159920973500e+00
-1.096536120939128445e+01
-1.956219450899011392e+01
-2.764048028837522608e+01
-3.518248965660104233e+01
-4.220192268691754833e+01
-4.872325141253246983e+01
-5.477334272749814659e+01
-6.037811522125047503e+01
-6.556130806136070532e+01
-7.034414595486572352e+01
-7.474537779523372194e+01
-7.878145943508873472e+01
-8.246677902895312684e+01
-8.581388087786383778e+01
-8.883366994435247932e+01
-9.153559118777603487e+01
-9.392778321157464916e+01
-9.601720792833691576e+01
-9.780975869290078606e+01
-9.931034942196571080e+01
-1.005229869931902442e+02
-1.014508288801043392e+02
-1.020962276158130067e+02
-1.024607633243064271e+02
-1.025452652251503025e+02
-1.023498227056043248e+02
-1.018737862583356133e+02
-1.011157582946831610e+02
-1.000735735534297248e+02
-9.874426852321799686e+01
-9.712403897304815814e+01
-9.520818433046034102e+01
-9.299103725435286094e+01
-9.046587631857971701e+01
-8.762481926745441285e+01
-8.445869386966867864e+01
-8.095688309188956566e+01
-7.710714138060981782e+01
-7.289537980477277301e+01
-6.830542079155580382e+01
-6.331873058850760572e+01
-5.791415466109233279e+01
-5.206771975215693971e+01
-4.575265349081632849e+01
-3.893997354022768320e+01
-3.160047674394823503e+01
