-3.499999999999999289e+01
-4.037014841521230579e+01
-4.537581654071086490e+01
-5.005529614473338285e+01
-5.443771606478092195e+01
-5.854581088238474251e+01
-6.239767158991944740e+01
-6.600790317838814758e+01
-6.938841844376560175e+01
-7.254899881016302743e+01
-7.549770034495320203e+01
-7.824115357008167848e+01
-8.078478831942754823e+01
-8.313300431562628034e+01
-8.528930147605265688e+01
-8.725637963190330026e+01
-8.903621445794628642e+01
-9.063011443331602379e+01
-9.203876226316249642e+01
-9.326224318503862776e+01
-9.430006183249544449e+01
-9.515114874499789721e+01
-9.581385713842338703e+01
-9.628595014108101680e+01
-9.656457832335738090e+01
-9.664624697717674451e+01
-9.652677220903520094e+01
-9.620122447144969158e+01
-9.566385764317237772e+01
-9.490802114358822905e+01
-9.392605178755316331e+01
-9.270914109706974671e+01
-9.124717251192950584e+01
-8.952852128669543674e+01
-8.753980770298439040e+01
-8.526559141245982687e+01
-8.268799108792529751e+01
-7.978620895287164672e+01
-7.653593418934021031e+01
-7.290859317758824432e+01
-6.887040981299176678e+01
-6.438124104066167774e+01
-5.939317531366453551e+01
-5.384896138579912872e+01
-4.768056538335806493e+01
-4.080877514005023698e+01
-3.314638561147332041e+01
-2.461153647023589031e+01
-1.516698228146758076e+01
-4.916913300318858759e+00
5.705946965886250055e+00
1.575245126015051156e+01
2.401405507656201621e+01
2.993406216143424459e+01
3.383712776231210029e+01
3.627236529483563032e+01
3.766974186372088695e+01
3.831821659461655827e+01
3.840910815050057892e+01
3.807212298541711704e+01
3.739811724507129043e+01
3.645283355083067534e+01
3.528527294151063387e+01
3.393293238637529896e+01
3.242518137190710803e+01
3.078550418237178121e+01
2.903303072345493518e+01
2.718360851545210011e+01
2.525057101217467448e+01
2.324530013676217877e+01
2.117764638651521025e+01
1.905624849311304558e+01
1.688878109151106344e+01
1.468215009127950488e+01
1.244264966330012534e+01
1.017609087521550570e+01
7.887909370393905384e+00
5.583257675011097376e+00
3.267086474777723737e+00
9.442183597759397085e-01
-1.380583013632767253e+00
-3.702545716684491506e+00
-6.016821801916196755e+00
-8.318416475836750479e+00
-1.060211142315558597e+01
-1.286237908029505306e+01
-1.509328396037747488e+01
-1.728836608830204469e+01
-1.944050007420617376e+01
-2.154172111892307484e+01
-2.358300596297026885e+01
-2.555399191336286790e+01
-2.744260971986035358e+01
-2.923459474686426773e+01
-3.091282309087555902e+01
-3.245639066114704008e+01
-3.383930597817868602e+01
-3.502858726874868722e+01
-3.598141455812462652e+01
-3.664073683068948384e+01
-3.692827615800548813e+01
